#inputFile=/home/pixeldaq/cyric/afterIrrad/src/registerdata/run00035_GR00001.txt
total 0
#inputFile=/home/pixeldaq/cyric/afterIrrad/src/registerdata/run00035_GR00002.txt
118 25307 51363
total 1
#inputFile=/home/pixeldaq/cyric/afterIrrad/src/registerdata/run00035_GR00003.txt
118 25307 34275
total 1
#inputFile=/home/pixeldaq/cyric/afterIrrad/src/registerdata/run00035_GR00004.txt
118 25307 45907
total 1
#inputFile=/home/pixeldaq/cyric/afterIrrad/src/registerdata/run00035_GR00005.txt
118 25307 29707
total 1
#inputFile=/home/pixeldaq/cyric/afterIrrad/src/registerdata/run00035_GR00006.txt
118 25307 19195
total 1
#inputFile=/home/pixeldaq/cyric/afterIrrad/src/registerdata/run00035_GR00007.txt
118 25307 57195
total 1
#inputFile=/home/pixeldaq/cyric/afterIrrad/src/registerdata/run00035_GR00008.txt
118 25307 59851
total 1
#inputFile=/home/pixeldaq/cyric/afterIrrad/src/registerdata/run00035_GR00009.txt
118 25307 61635
total 1
#inputFile=/home/pixeldaq/cyric/afterIrrad/src/registerdata/run00035_GR00010.txt
118 25307 24435
total 1
#inputFile=/home/pixeldaq/cyric/afterIrrad/src/registerdata/run00035_GR00011.txt
118 25307 61067
total 1
#inputFile=/home/pixeldaq/cyric/afterIrrad/src/registerdata/run00035_GR00012.txt
118 25307 4899
total 1
#inputFile=/home/pixeldaq/cyric/afterIrrad/src/registerdata/run00035_GR00013.txt
118 25307 37419
total 1
#inputFile=/home/pixeldaq/cyric/afterIrrad/src/registerdata/run00035_GR00014.txt
118 25307 54099
total 1
#inputFile=/home/pixeldaq/cyric/afterIrrad/src/registerdata/run00035_GR00015.txt
118 25307 55075
total 1
#inputFile=/home/pixeldaq/cyric/afterIrrad/src/registerdata/run00035_GR00016.txt
118 25307 38219
total 1
#inputFile=/home/pixeldaq/cyric/afterIrrad/src/registerdata/run00035_GR00017.txt
118 25307 26755
total 1
#inputFile=/home/pixeldaq/cyric/afterIrrad/src/registerdata/run00035_GR00018.txt
1 199 66
2 191 110
118 25307 29427
128 199 66
129 191 110
137 447 366
total 6
#inputFile=/home/pixeldaq/cyric/afterIrrad/src/registerdata/run00035_GR00019.txt
118 25307 33131
total 1
#inputFile=/home/pixeldaq/cyric/afterIrrad/src/registerdata/run00035_GR00020.txt
114 1 513
118 25307 54691
total 2
#inputFile=/home/pixeldaq/cyric/afterIrrad/src/registerdata/run00035_GR00021.txt
114 1 513
118 25307 32419
total 2
#inputFile=/home/pixeldaq/cyric/afterIrrad/src/registerdata/run00035_GR00022.txt
114 1 513
118 25307 10059
total 2
#inputFile=/home/pixeldaq/cyric/afterIrrad/src/registerdata/run00035_GR00023.txt
114 1 513
118 25307 37067
total 2
#inputFile=/home/pixeldaq/cyric/afterIrrad/src/registerdata/run00035_GR00024.txt
114 1 513
118 25307 58395
122 0 2
126 0 4096
total 4
#inputFile=/home/pixeldaq/cyric/afterIrrad/src/registerdata/run00035_GR00025.txt
110 33 34
114 1 513
118 25307 39363
122 0 2
126 0 4096
total 5
#inputFile=/home/pixeldaq/cyric/afterIrrad/src/registerdata/run00035_GR00026.txt
110 33 34
114 1 513
118 25307 17723
122 0 2
126 0 4096
total 5
#inputFile=/home/pixeldaq/cyric/afterIrrad/src/registerdata/run00035_GR00027.txt
110 33 34
114 1 513
118 25307 7291
122 0 2
126 0 4096
total 5
#inputFile=/home/pixeldaq/cyric/afterIrrad/src/registerdata/run00035_GR00028.txt
110 33 34
114 1 513
118 25307 52283
121 0 4096
122 0 2
126 0 4096
132 7316 7317
total 7
#inputFile=/home/pixeldaq/cyric/afterIrrad/src/registerdata/run00035_GR00029.txt
110 33 34
114 1 513
118 25307 36043
121 0 4096
122 0 2
126 0 4096
132 7316 7317
total 7
#inputFile=/home/pixeldaq/cyric/afterIrrad/src/registerdata/run00035_GR00030.txt
110 33 34
114 1 513
118 25307 62203
121 0 4096
122 0 2
126 0 4096
132 7316 7317
total 7
#inputFile=/home/pixeldaq/cyric/afterIrrad/src/registerdata/run00035_GR00031.txt
110 33 34
114 1 513
118 25307 25411
121 0 4096
122 0 2
126 0 4096
132 7316 7317
total 7
#inputFile=/home/pixeldaq/cyric/afterIrrad/src/registerdata/run00035_GR00032.txt
110 33 34
114 1 513
118 25307 63659
121 0 4096
122 0 2
126 0 4096
132 7316 7317
total 7
#inputFile=/home/pixeldaq/cyric/afterIrrad/src/registerdata/run00035_GR00033.txt
1 199 31
2 191 117
110 33 34
114 1 513
118 25307 31707
121 0 4096
122 0 2
126 0 4096
128 199 31
129 191 117
132 7316 7317
137 447 381
total 12
#inputFile=/home/pixeldaq/cyric/afterIrrad/src/registerdata/run00035_GR00034.txt
1 199 45
2 191 132
110 33 34
114 1 513
118 25307 1811
121 0 4096
122 0 2
126 0 4096
128 199 45
129 191 132
132 7316 7317
137 447 428
total 12
#inputFile=/home/pixeldaq/cyric/afterIrrad/src/registerdata/run00035_GR00035.txt
110 33 34
114 1 513
118 25307 21819
121 0 4096
122 0 2
126 0 4096
132 7316 7317
total 7
#inputFile=/home/pixeldaq/cyric/afterIrrad/src/registerdata/run00035_GR00036.txt
110 33 34
114 1 513
118 25307 6331
121 0 4096
122 0 2
126 0 4096
132 7316 7317
total 7
#inputFile=/home/pixeldaq/cyric/afterIrrad/src/registerdata/run00035_GR00037.txt
67 500 109
110 33 34
114 1 513
118 25307 34747
121 0 4098
122 0 2
126 0 4096
132 7316 7317
total 8
#inputFile=/home/pixeldaq/cyric/afterIrrad/src/registerdata/run00035_GR00038.txt
67 500 109
110 33 34
114 1 513
118 25307 50051
121 0 4098
122 0 2
126 0 4096
132 7316 7317
total 8
#inputFile=/home/pixeldaq/cyric/afterIrrad/src/registerdata/run00035_GR00039.txt
1 199 103
2 191 54
67 500 109
110 33 34
114 1 513
118 25307 56419
121 0 4098
122 0 2
126 0 4096
128 199 103
129 191 54
132 7316 7317
137 447 318
total 13
#inputFile=/home/pixeldaq/cyric/afterIrrad/src/registerdata/run00035_GR00040.txt
67 500 109
110 33 34
114 1 513
118 25307 58779
121 0 4098
122 0 2
126 0 4096
132 7316 7317
total 8
#inputFile=/home/pixeldaq/cyric/afterIrrad/src/registerdata/run00035_GR00041.txt
67 500 109
110 33 34
114 1 513
118 25307 58155
121 0 4098
122 0 2
124 0 256
126 0 4096
132 7316 7317
total 9
#inputFile=/home/pixeldaq/cyric/afterIrrad/src/registerdata/run00035_GR00042.txt
67 500 109
110 33 34
114 1 513
118 25307 57259
121 0 4098
122 0 2
124 0 256
126 0 4096
132 7316 7317
total 9
#inputFile=/home/pixeldaq/cyric/afterIrrad/src/registerdata/run00035_GR00043.txt
67 500 109
110 33 34
114 1 513
118 25307 51379
121 0 4098
122 0 2
124 0 256
126 0 4096
132 7316 7317
total 9
#inputFile=/home/pixeldaq/cyric/afterIrrad/src/registerdata/run00035_GR00044.txt
67 500 109
110 33 34
114 1 513
118 25307 50715
121 0 4098
122 0 2
124 0 256
126 0 4096
132 7316 7317
total 9
#inputFile=/home/pixeldaq/cyric/afterIrrad/src/registerdata/run00035_GR00045.txt
67 500 109
110 33 34
112 1 4097
114 1 513
118 25307 30675
121 0 4098
122 0 2
124 0 256
126 0 4096
132 7316 7317
total 10
#inputFile=/home/pixeldaq/cyric/afterIrrad/src/registerdata/run00035_GR00046.txt
1 199 111
2 191 61
67 500 109
110 33 34
112 1 4097
114 1 513
118 25307 8067
121 0 4098
122 0 2
124 0 256
126 0 4096
128 199 111
129 191 61
132 7316 7317
137 447 317
total 15
#inputFile=/home/pixeldaq/cyric/afterIrrad/src/registerdata/run00035_GR00047.txt
67 500 109
110 33 34
112 1 4097
114 1 513
118 25307 30331
121 0 4098
122 0 2
124 0 256
126 0 4096
132 7316 7317
total 10
#inputFile=/home/pixeldaq/cyric/afterIrrad/src/registerdata/run00035_GR00048.txt
67 500 109
110 33 34
112 1 4097
114 1 513
118 25307 7899
121 0 4098
122 0 2
124 0 256
126 0 4096
132 7316 7317
total 10
#inputFile=/home/pixeldaq/cyric/afterIrrad/src/registerdata/run00035_GR00049.txt
7 100 0
67 500 109
110 33 34
112 1 4097
114 1 513
118 25307 8195
121 0 4098
122 0 2
124 0 256
126 0 4096
132 7316 7317
total 11
#inputFile=/home/pixeldaq/cyric/afterIrrad/src/registerdata/run00035_GR00050.txt
67 500 109
110 33 34
112 1 4097
114 1 513
118 25307 21851
121 0 4098
122 0 2
124 0 256
126 0 4096
132 7316 7317
total 10
#inputFile=/home/pixeldaq/cyric/afterIrrad/src/registerdata/run00035_GR00051.txt
67 500 109
110 33 34
112 1 4097
114 1 513
118 25307 17243
121 0 4098
122 0 2
124 0 256
126 0 4096
132 7316 7317
total 10
#inputFile=/home/pixeldaq/cyric/afterIrrad/src/registerdata/run00035_GR00052.txt
67 500 109
110 33 34
112 1 4097
114 1 513
118 25307 44883
121 0 4098
122 0 2
124 0 256
126 0 4096
132 7316 7317
total 10
#inputFile=/home/pixeldaq/cyric/afterIrrad/src/registerdata/run00035_GR00053.txt
67 500 109
110 33 34
112 1 4097
114 1 513
118 25307 45859
121 0 4098
122 0 2
124 0 256
126 0 4096
132 7316 7317
total 10
#inputFile=/home/pixeldaq/cyric/afterIrrad/src/registerdata/run00035_GR00054.txt
67 500 109
110 33 34
112 1 4097
114 1 513
118 25307 46083
121 0 4098
122 0 2
124 0 256
126 0 4096
132 7316 7317
total 10
#inputFile=/home/pixeldaq/cyric/afterIrrad/src/registerdata/run00035_GR00055.txt
67 500 109
110 33 34
112 1 4097
114 1 513
118 25307 53803
121 0 4098
122 0 2
124 0 256
126 0 4096
132 7316 7317
total 10
#inputFile=/home/pixeldaq/cyric/afterIrrad/src/registerdata/run00035_GR00056.txt
67 500 109
110 33 34
112 1 4097
114 1 513
118 25307 63347
121 0 4098
122 0 2
124 0 256
126 0 4096
132 7316 7317
total 10
#inputFile=/home/pixeldaq/cyric/afterIrrad/src/registerdata/run00035_GR00057.txt
67 500 109
110 33 34
112 1 4097
114 1 513
118 25307 49931
121 0 4098
122 0 2
124 0 256
126 0 4096
132 7316 7317
total 10
#inputFile=/home/pixeldaq/cyric/afterIrrad/src/registerdata/run00035_GR00058.txt
67 500 109
110 33 34
112 1 4097
114 1 513
118 25307 45371
121 0 4098
122 0 2
124 0 256
126 0 4096
132 7316 7317
total 10
#inputFile=/home/pixeldaq/cyric/afterIrrad/src/registerdata/run00035_GR00059.txt
8 40 191
67 500 109
110 33 34
112 1 4097
114 1 513
118 25307 31387
121 0 4098
122 0 2
124 0 256
126 0 4096
132 7316 7317
total 11
#inputFile=/home/pixeldaq/cyric/afterIrrad/src/registerdata/run00035_GR00060.txt
8 40 191
67 500 109
110 33 34
112 1 4097
114 1 513
118 25307 28747
121 0 4098
122 0 2
124 0 256
126 0 4096
132 7316 7317
total 11
#inputFile=/home/pixeldaq/cyric/afterIrrad/src/registerdata/run00035_GR00061.txt
8 40 191
67 500 109
110 33 34
112 1 4097
114 1 513
118 25307 38563
121 0 4098
122 0 2
124 0 256
126 0 4096
132 7316 7317
total 11
#inputFile=/home/pixeldaq/cyric/afterIrrad/src/registerdata/run00035_GR00062.txt
8 40 191
67 500 109
110 33 34
112 1 4097
114 1 513
118 25307 30147
121 0 4098
122 0 2
124 0 256
126 0 4096
132 7316 7317
total 11
#inputFile=/home/pixeldaq/cyric/afterIrrad/src/registerdata/run00035_GR00063.txt
8 40 191
67 500 109
110 33 34
112 1 4097
114 1 513
118 25307 5771
121 0 4098
122 0 2
124 0 256
126 0 4096
132 7316 7317
total 11
#inputFile=/home/pixeldaq/cyric/afterIrrad/src/registerdata/run00035_GR00064.txt
8 40 191
67 500 109
110 33 34
112 1 4097
114 1 513
118 25307 35091
121 0 4098
122 0 2
124 0 256
126 0 4096
130 7733 1
131 3760 1
132 7316 1
133 7075 1
total 14
#inputFile=/home/pixeldaq/cyric/afterIrrad/src/registerdata/run00035_GR00065.txt
8 40 191
67 500 109
110 33 34
112 1 4097
114 1 513
118 25307 50723
121 0 4098
122 0 2
124 0 256
126 0 4096
130 7733 1
131 3760 1
132 7316 1
133 7075 1
total 14
#inputFile=/home/pixeldaq/cyric/afterIrrad/src/registerdata/run00035_GR00066.txt
8 40 191
67 500 109
110 33 34
112 1 4097
114 1 513
118 25307 55715
121 0 4098
122 0 2
124 0 256
126 0 4096
130 7733 1
131 3760 1
132 7316 1
133 7075 1
total 14
#inputFile=/home/pixeldaq/cyric/afterIrrad/src/registerdata/run00035_GR00067.txt
8 40 191
67 500 109
110 33 34
112 1 4097
114 1 513
118 25307 55707
121 0 4098
122 0 2
124 0 256
126 0 4096
130 7733 1
131 3760 1
132 7316 1
133 7075 1
total 14
#inputFile=/home/pixeldaq/cyric/afterIrrad/src/registerdata/run00035_GR00068.txt
8 40 191
67 500 109
110 33 34
112 1 4097
114 1 513
118 25307 13779
121 0 4098
122 0 2
124 0 256
126 0 4096
130 7733 1
131 3760 1
132 7316 1
133 7075 1
total 14
#inputFile=/home/pixeldaq/cyric/afterIrrad/src/registerdata/run00035_GR00069.txt
8 40 191
67 500 109
110 33 34
112 1 20481
114 1 513
118 25307 23595
121 0 4098
122 0 2
124 0 256
126 0 4096
130 7733 1
131 3760 1
132 7316 1
133 7075 1
total 14
#inputFile=/home/pixeldaq/cyric/afterIrrad/src/registerdata/run00035_GR00070.txt
8 40 191
67 500 109
110 33 34
112 1 20481
114 1 513
118 25307 53131
121 0 4098
122 0 2
124 0 256
126 0 4096
130 7733 1
131 3760 1
132 7316 1
133 7075 1
total 14
#inputFile=/home/pixeldaq/cyric/afterIrrad/src/registerdata/run00035_GR00071.txt
8 40 191
67 500 109
110 33 34
112 1 20481
114 1 513
118 25307 30747
121 0 4098
122 0 2
124 0 256
126 0 4096
130 7733 1
131 3760 1
132 7316 1
133 7075 1
total 14
#inputFile=/home/pixeldaq/cyric/afterIrrad/src/registerdata/run00035_GR00072.txt
8 40 191
67 500 109
110 33 34
112 1 20481
114 1 513
118 25307 21155
121 0 4098
122 0 2
124 0 256
126 0 4096
130 7733 1
131 3760 1
132 7316 1
133 7075 1
total 14
#inputFile=/home/pixeldaq/cyric/afterIrrad/src/registerdata/run00035_GR00073.txt
8 40 191
67 500 109
86 0 75
110 33 34
112 1 20481
114 1 513
118 25307 8443
121 0 4098
122 0 2
124 0 256
126 0 4096
130 7733 1
131 3760 1
132 7316 1
133 7075 1
total 15
#inputFile=/home/pixeldaq/cyric/afterIrrad/src/registerdata/run00035_GR00074.txt
8 40 191
67 500 109
86 0 75
110 33 34
112 1 20481
114 1 513
118 25307 7035
121 0 4098
122 0 2
124 0 256
126 0 4096
130 7733 1
131 3760 1
132 7316 1
133 7075 1
total 15
#inputFile=/home/pixeldaq/cyric/afterIrrad/src/registerdata/run00035_GR00075.txt
8 40 191
67 500 109
86 0 75
110 33 34
112 1 20481
114 1 513
118 25307 56331
121 0 4098
122 0 2
124 0 256
126 0 4096
130 7733 1
131 3760 1
132 7316 1
133 7075 1
total 15
#inputFile=/home/pixeldaq/cyric/afterIrrad/src/registerdata/run00035_GR00076.txt
8 40 191
67 500 109
86 0 75
110 33 34
112 1 20481
114 1 513
118 25307 12531
121 0 4098
122 0 2
124 0 256
126 0 4096
130 7733 1
131 3760 1
132 7316 1
133 7075 1
total 15
#inputFile=/home/pixeldaq/cyric/afterIrrad/src/registerdata/run00035_GR00077.txt
8 40 191
67 500 109
86 0 75
110 33 34
112 1 20481
114 1 513
118 25307 8475
121 0 4098
122 0 2
124 0 256
126 0 4096
130 7733 1
131 3760 1
132 7316 1
133 7075 1
total 15
#inputFile=/home/pixeldaq/cyric/afterIrrad/src/registerdata/run00035_GR00078.txt
8 40 191
67 500 109
86 0 75
110 33 34
112 1 20481
114 1 513
118 25307 13355
121 0 4098
122 0 2
124 0 256
126 0 4096
130 7733 1
131 3760 1
132 7316 1
133 7075 1
total 15
#inputFile=/home/pixeldaq/cyric/afterIrrad/src/registerdata/run00035_GR00079.txt
8 40 191
67 500 109
86 0 75
110 33 34
112 1 20481
114 1 513
118 25307 53187
121 0 4098
122 0 2
124 0 256
126 0 4096
130 7733 1
131 3760 1
132 7316 1
133 7075 1
total 15
#inputFile=/home/pixeldaq/cyric/afterIrrad/src/registerdata/run00035_GR00080.txt
8 40 191
67 500 109
86 0 75
110 33 34
112 1 20481
114 1 513
118 25307 36891
121 0 4098
122 0 2
124 0 256
126 0 4096
130 7733 1
131 3760 1
132 7316 1
133 7075 1
total 15
#inputFile=/home/pixeldaq/cyric/afterIrrad/src/registerdata/run00035_GR00081.txt
8 40 191
67 500 109
86 0 75
110 33 34
112 1 20481
114 1 513
118 25307 49539
121 0 4098
122 0 2
124 0 256
126 0 4096
130 7733 1
131 3760 1
132 7316 1
133 7075 1
total 15
#inputFile=/home/pixeldaq/cyric/afterIrrad/src/registerdata/run00035_GR00082.txt
8 40 191
67 500 109
86 0 75
110 33 34
112 1 20481
114 1 513
118 25307 54899
121 0 4098
122 0 2
124 0 256
126 0 4096
130 7733 1
131 3760 1
132 7316 1
133 7075 1
total 15
#inputFile=/home/pixeldaq/cyric/afterIrrad/src/registerdata/run00035_GR00083.txt
8 40 191
67 500 109
86 0 75
110 33 34
112 1 20481
114 1 513
118 25307 9195
121 0 4098
122 0 2
124 0 256
126 0 4096
130 7733 1
131 3760 1
132 7316 1
133 7075 4097
total 15
#inputFile=/home/pixeldaq/cyric/afterIrrad/src/registerdata/run00035_GR00084.txt
8 40 191
67 500 109
86 0 75
110 33 34
112 1 20481
114 1 513
118 25307 21691
121 0 4098
122 0 2
124 0 256
126 0 4096
130 7733 1
131 3760 1
132 7316 1
133 7075 4097
total 15
#inputFile=/home/pixeldaq/cyric/afterIrrad/src/registerdata/run00035_GR00085.txt
8 40 191
67 500 109
86 0 75
110 33 34
112 1 20481
114 1 513
118 25307 25763
121 0 4098
122 0 2
124 0 256
126 0 4096
130 7733 1
131 3760 1
132 7316 1
133 7075 4097
total 15
#inputFile=/home/pixeldaq/cyric/afterIrrad/src/registerdata/run00035_GR00086.txt
8 40 191
67 500 109
86 0 75
110 33 34
112 1 20481
114 1 513
118 25307 3411
121 0 4098
122 0 2
124 0 256
126 0 4096
130 7733 1
131 3760 1
132 7316 1
133 7075 4097
total 15
#inputFile=/home/pixeldaq/cyric/afterIrrad/src/registerdata/run00035_GR00087.txt
8 40 191
67 500 109
86 0 75
110 33 34
112 1 20481
114 1 513
118 25307 10427
121 0 4098
122 0 2
124 0 256
126 0 4096
130 7733 1
131 3760 1
132 7316 1
133 7075 4097
total 15
#inputFile=/home/pixeldaq/cyric/afterIrrad/src/registerdata/run00035_GR00088.txt
8 40 191
67 500 109
86 0 75
110 33 34
112 1 20481
114 1 513
118 25307 58171
121 0 4098
122 0 2
124 0 256
126 0 4096
130 7733 1
131 3760 1
132 7316 1
133 7075 4097
total 15
#inputFile=/home/pixeldaq/cyric/afterIrrad/src/registerdata/run00035_GR00089.txt
8 40 191
67 500 109
86 0 75
110 33 34
112 1 20481
114 1 513
118 25307 14203
121 0 4098
122 0 2
124 0 256
126 0 4096
130 7733 1
131 3760 1
132 7316 1
133 7075 4097
total 15
#inputFile=/home/pixeldaq/cyric/afterIrrad/src/registerdata/run00035_GR00090.txt
8 40 191
67 500 109
86 0 75
110 33 34
112 1 20481
114 1 513
118 25307 19155
121 0 4098
122 0 2
124 0 256
126 0 4096
130 7733 1
131 3760 1
132 7316 1
133 7075 4097
total 15
#inputFile=/home/pixeldaq/cyric/afterIrrad/src/registerdata/run00035_GR00091.txt
8 40 191
67 500 109
86 0 75
110 33 34
112 1 20481
114 1 513
118 25307 57979
121 0 4098
122 0 2
124 0 256
126 0 4096
130 7733 1
131 3760 1
132 7316 1
133 7075 4097
total 15
#inputFile=/home/pixeldaq/cyric/afterIrrad/src/registerdata/run00035_GR00092.txt
8 40 191
67 500 109
86 0 75
110 33 34
112 1 20481
114 1 513
118 25307 30011
121 0 4098
122 0 2
124 0 256
126 0 4096
130 7733 1
131 3760 1
132 7316 1
133 7075 4097
total 15
#inputFile=/home/pixeldaq/cyric/afterIrrad/src/registerdata/run00035_GR00093.txt
8 40 191
67 500 109
86 0 75
110 33 34
112 1 20481
114 1 513
118 25307 34963
121 0 4098
122 0 2
124 0 256
126 0 4096
130 7733 1
131 3760 1
132 7316 1
133 7075 4097
total 15
#inputFile=/home/pixeldaq/cyric/afterIrrad/src/registerdata/run00035_GR00094.txt
8 40 191
67 500 109
86 0 75
110 33 34
112 1 20481
114 1 513
118 25307 44499
121 0 4098
122 0 2
124 0 256
126 0 4096
130 7733 1
131 3760 1
132 7316 1
133 7075 4097
total 15
#inputFile=/home/pixeldaq/cyric/afterIrrad/src/registerdata/run00035_GR00095.txt
8 40 191
67 500 109
86 0 75
110 33 34
112 1 20481
114 1 513
118 25307 40083
121 0 4098
122 0 2
124 0 256
126 0 4096
130 7733 2049
131 3760 1
132 7316 1
133 7075 4097
total 15
#inputFile=/home/pixeldaq/cyric/afterIrrad/src/registerdata/run00035_GR00096.txt
8 40 191
67 500 109
86 0 75
110 33 34
112 1 20481
114 1 513
118 25307 11923
121 0 4098
122 0 2
124 0 256
126 0 4096
130 7733 2049
131 3760 1
132 7316 1
133 7075 4097
total 15
#inputFile=/home/pixeldaq/cyric/afterIrrad/src/registerdata/run00035_GR00097.txt
1 199 150
2 191 24
8 40 191
67 500 109
86 0 75
110 33 34
112 1 20481
114 1 513
118 25307 60923
121 0 4098
122 0 2
124 0 256
126 0 4096
128 199 150
129 191 24
130 7733 2049
131 3760 1
132 7316 1
133 7075 4097
137 447 316
total 20
#inputFile=/home/pixeldaq/cyric/afterIrrad/src/registerdata/run00035_GR00098.txt
8 40 191
67 500 109
86 0 75
110 33 34
112 1 20481
114 1 513
118 25307 54211
121 0 4098
122 0 2
124 0 256
126 0 4096
130 7733 2049
131 3760 1
132 7316 1
133 7075 4097
total 15
#inputFile=/home/pixeldaq/cyric/afterIrrad/src/registerdata/run00035_GR00099.txt
8 40 191
67 500 109
86 0 75
110 33 34
112 1 20481
114 1 513
118 25307 30947
121 0 4098
122 0 2
124 0 256
126 0 4096
130 7733 2049
131 3760 1
132 7316 1
133 7075 4097
total 15
#inputFile=/home/pixeldaq/cyric/afterIrrad/src/registerdata/run00035_GR00100.txt
8 40 191
67 500 109
86 0 75
110 33 34
112 1 20481
114 1 513
118 25307 22707
121 0 4098
122 0 2
124 0 256
126 0 4096
130 7733 2051
131 3760 1
132 7316 1
133 7075 4097
total 15
#inputFile=/home/pixeldaq/cyric/afterIrrad/src/registerdata/run00035_GR00101.txt
1 199 181
2 191 190
8 40 191
67 500 109
86 0 75
110 33 34
112 1 20481
114 1 513
118 25307 59275
121 0 4098
122 0 2
123 6 134
124 0 256
126 0 4096
128 199 181
129 191 190
130 7733 2051
131 3760 1
132 7316 1
133 7075 4097
137 447 446
total 21
#inputFile=/home/pixeldaq/cyric/afterIrrad/src/registerdata/run00035_GR00102.txt
8 40 191
67 500 109
86 0 75
110 33 34
112 1 20481
114 1 513
118 25307 64291
121 0 4098
122 0 2
123 6 134
124 0 256
126 0 4096
130 7733 2051
131 3760 1
132 7316 1
133 7075 4097
total 16
#inputFile=/home/pixeldaq/cyric/afterIrrad/src/registerdata/run00035_GR00103.txt
8 40 191
67 500 109
86 0 75
110 33 34
112 1 20481
114 1 513
118 25307 47227
121 0 4098
122 0 2
123 6 134
124 0 256
126 0 4096
130 7733 2051
131 3760 1
132 7316 1
133 7075 4097
total 16
#inputFile=/home/pixeldaq/cyric/afterIrrad/src/registerdata/run00035_GR00104.txt
8 40 191
67 500 109
86 0 75
110 33 34
112 1 20481
114 1 513
118 25307 33291
121 0 4098
122 0 2
123 6 134
124 0 256
126 0 4096
130 7733 2051
131 3760 1
132 7316 1
133 7075 4097
total 16
#inputFile=/home/pixeldaq/cyric/afterIrrad/src/registerdata/run00035_GR00105.txt
1 199 126
2 191 29
8 40 191
67 500 109
86 0 75
110 33 34
112 1 20481
114 1 513
118 25307 65003
121 0 4098
122 0 2
123 6 134
124 0 256
126 0 4096
128 199 126
129 191 29
130 7733 2051
131 3760 1
132 7316 1
133 7075 4097
137 447 317
total 21
#inputFile=/home/pixeldaq/cyric/afterIrrad/src/registerdata/run00035_GR00106.txt
8 40 191
67 500 109
86 0 75
110 33 34
112 1 20481
114 1 513
118 25307 60467
121 0 4098
122 0 2
123 6 134
124 0 256
126 0 4096
130 7733 2051
131 3760 1
132 7316 1
133 7075 4097
total 16
#inputFile=/home/pixeldaq/cyric/afterIrrad/src/registerdata/run00035_GR00107.txt
8 40 191
31 852 0
47 65535 0
55 65535 0
67 500 109
86 0 75
103 118 0
110 33 34
111 1 0
112 1 20481
114 1 513
118 25307 10995
121 0 4098
122 0 2
123 6 134
124 0 256
126 0 4096
130 7733 2051
131 3760 1
132 7316 1
133 7075 4097
total 21
#inputFile=/home/pixeldaq/cyric/afterIrrad/src/registerdata/run00035_GR00108.txt
1 199 24
2 191 190
8 40 191
32 65535 0
48 65535 0
56 65535 0
64 1051 0
67 500 109
86 0 75
104 119 0
110 33 34
112 1 0
114 1 513
118 25307 61171
121 0 4098
122 0 2
123 6 134
124 0 256
126 0 4096
128 199 0
129 191 190
130 7733 2051
131 3760 1
132 7316 1
133 7075 4097
137 447 446
total 26
#inputFile=/home/pixeldaq/cyric/afterIrrad/src/registerdata/run00035_GR00109.txt
8 40 191
31 852 0
47 65535 0
55 65535 0
67 500 109
86 0 75
103 118 0
110 33 34
111 1 0
112 1 20481
114 1 513
118 25307 23139
121 0 4098
122 0 2
123 6 134
124 0 256
126 0 4096
130 7733 2051
131 3760 1
132 7316 1
133 7075 4097
total 21
#inputFile=/home/pixeldaq/cyric/afterIrrad/src/registerdata/run00035_GR00110.txt
8 40 191
31 852 0
47 65535 0
55 65535 0
67 500 109
86 0 75
103 118 0
110 33 34
111 1 0
112 1 20481
114 1 513
118 25307 16291
121 0 4098
122 0 2
123 6 134
124 0 256
126 0 4096
130 7733 2051
131 3760 1
132 7316 1
133 7075 4097
total 21
#inputFile=/home/pixeldaq/cyric/afterIrrad/src/registerdata/run00035_GR00111.txt
8 40 191
31 852 0
47 65535 0
55 65535 0
67 500 109
86 0 75
103 118 0
110 33 34
111 1 0
112 1 20481
114 1 513
118 25307 4659
121 0 4098
122 0 2
123 6 134
124 0 256
126 0 4096
130 7733 2051
131 3760 1
132 7316 1
133 7075 4097
total 21
#inputFile=/home/pixeldaq/cyric/afterIrrad/src/registerdata/run00035_GR00112.txt
8 40 191
31 852 0
47 65535 0
55 65535 0
67 500 109
86 0 75
103 118 0
110 33 34
111 1 0
112 1 20481
114 1 513
118 25307 5643
121 0 4098
122 0 2
123 6 134
124 0 256
126 0 4096
130 7733 2051
131 3760 1
132 7316 1
133 7075 4097
total 21
#inputFile=/home/pixeldaq/cyric/afterIrrad/src/registerdata/run00035_GR00113.txt
8 40 191
31 852 0
47 65535 0
55 65535 0
67 500 109
86 0 75
103 118 0
110 33 34
111 1 0
112 1 20481
114 1 513
118 25307 30595
121 0 4098
122 0 2
123 6 134
124 0 256
126 0 4096
130 7733 2051
131 3760 1
132 7316 1
133 7075 4097
total 21
#inputFile=/home/pixeldaq/cyric/afterIrrad/src/registerdata/run00035_GR00114.txt
8 40 191
31 852 0
47 65535 0
55 65535 0
67 500 109
86 0 75
103 118 0
110 33 34
111 1 0
112 1 20481
114 1 513
118 25307 9291
121 0 4098
122 0 2
123 6 134
124 0 256
126 0 4096
130 7733 2051
131 3760 1
132 7316 1
133 7075 4097
total 21
#inputFile=/home/pixeldaq/cyric/afterIrrad/src/registerdata/run00035_GR00115.txt
8 40 191
31 852 0
47 65535 0
55 65535 0
67 500 109
86 0 75
103 118 0
110 33 34
111 1 0
112 1 20481
114 1 513
118 25307 63147
121 0 4098
122 0 2
123 6 134
124 0 256
126 0 4096
130 7733 2051
131 3760 1
132 7316 1
133 7075 4097
total 21
#inputFile=/home/pixeldaq/cyric/afterIrrad/src/registerdata/run00035_GR00116.txt
8 40 191
31 852 0
47 65535 0
55 65535 0
67 500 109
86 0 75
103 118 0
110 33 34
111 1 0
112 1 20481
114 1 513
118 25307 11787
121 0 4098
122 0 2
123 6 134
124 0 256
126 0 4096
130 7733 2051
131 3760 1
132 7316 1
133 7075 4097
total 21
#inputFile=/home/pixeldaq/cyric/afterIrrad/src/registerdata/run00035_GR00117.txt
8 40 191
31 852 0
47 65535 0
55 65535 0
67 500 109
86 0 75
103 118 0
110 33 34
111 1 0
112 1 20481
114 1 513
118 25307 21835
121 0 4098
122 0 2
123 6 134
124 0 256
126 0 4096
130 7733 2051
131 3760 1
132 7316 1
133 7075 4097
total 21
#inputFile=/home/pixeldaq/cyric/afterIrrad/src/registerdata/run00035_GR00118.txt
8 40 191
31 852 0
47 65535 0
55 65535 0
67 500 109
86 0 75
103 118 0
110 33 34
111 1 0
112 1 20481
114 1 513
118 25307 30467
121 0 4098
122 0 2
123 6 134
124 0 256
126 0 4096
130 7733 2051
131 3760 1
132 7316 1
133 7075 4097
total 21
#inputFile=/home/pixeldaq/cyric/afterIrrad/src/registerdata/run00035_GR00119.txt
8 40 191
31 852 0
47 65535 0
55 65535 0
67 500 109
86 0 75
103 118 0
110 33 34
111 1 0
112 1 20481
114 1 513
118 25307 65051
121 0 4098
122 0 2
123 6 134
124 0 256
126 0 4096
130 7733 2051
131 3760 1
132 7316 1
133 7075 4097
total 21
#inputFile=/home/pixeldaq/cyric/afterIrrad/src/registerdata/run00035_GR00120.txt
8 40 191
31 852 0
47 65535 0
55 65535 0
67 500 109
86 0 75
103 118 0
110 33 34
111 1 0
112 1 20481
114 1 513
118 25307 5907
121 0 4098
122 0 2
123 6 134
124 0 256
126 0 4096
130 7733 2051
131 3760 1
132 7316 1
133 7075 4097
total 21
#inputFile=/home/pixeldaq/cyric/afterIrrad/src/registerdata/run00035_GR00121.txt
8 40 191
31 852 0
47 65535 0
55 65535 0
67 500 109
86 0 75
103 118 0
110 33 34
111 1 0
112 1 20481
114 1 513
118 25307 25515
121 0 4098
122 0 2
123 6 134
124 0 256
126 0 4096
130 7733 2051
131 3760 1
132 7316 1
133 7075 4097
total 21
#inputFile=/home/pixeldaq/cyric/afterIrrad/src/registerdata/run00035_GR00122.txt
8 40 191
31 852 0
47 65535 0
55 65535 0
67 500 109
86 0 75
103 118 0
110 33 34
111 1 0
112 1 20481
114 1 513
118 25307 64243
121 0 4098
122 0 2
123 6 134
124 0 256
126 0 4096
130 7733 2051
131 3760 1
132 7316 1
133 7075 4097
total 21
#inputFile=/home/pixeldaq/cyric/afterIrrad/src/registerdata/run00035_GR00123.txt
8 40 191
31 852 0
47 65535 0
55 65535 0
67 500 109
86 0 75
103 118 0
110 33 34
111 1 0
112 1 20481
114 1 513
118 25307 59731
121 0 4098
122 0 2
123 6 134
124 0 256
126 0 4096
130 7733 2051
131 3760 1
132 7316 1
133 7075 4097
total 21
#inputFile=/home/pixeldaq/cyric/afterIrrad/src/registerdata/run00035_GR00124.txt
1 199 149
2 191 41
8 40 191
37 64 0
45 200 0
53 65535 0
61 60 0
67 500 109
69 31 0
77 8191 0
86 0 75
101 136 0
110 33 34
112 1 20481
114 1 513
117 1 0
118 25307 63899
121 0 4098
122 0 514
123 6 134
124 0 256
126 0 4096
128 199 149
129 191 41
130 7733 2051
131 3760 1
132 7316 1
133 7075 0
137 447 301
total 29
#inputFile=/home/pixeldaq/cyric/afterIrrad/src/registerdata/run00035_GR00125.txt
8 40 191
31 852 0
47 65535 0
55 65535 0
67 500 109
86 0 75
103 118 0
110 33 34
111 1 0
112 1 20481
114 1 513
118 25307 56619
121 0 4098
122 0 514
123 6 134
124 0 256
126 0 4096
130 7733 2051
131 3760 1
132 7316 1
133 7075 4097
total 21
#inputFile=/home/pixeldaq/cyric/afterIrrad/src/registerdata/run00035_GR00126.txt
8 40 191
31 852 0
47 65535 0
55 65535 0
67 500 109
86 0 75
103 118 0
110 33 34
111 1 0
112 1 20481
114 1 513
118 25307 36051
121 0 4098
122 0 514
123 6 134
124 0 256
126 0 4096
130 7733 2051
131 3760 1
132 7316 1
133 7075 4097
total 21
#inputFile=/home/pixeldaq/cyric/afterIrrad/src/registerdata/run00035_GR00127.txt
1 199 87
2 191 56
8 40 191
30 4 0
38 16 0
46 65535 0
54 15 0
62 5124 0
67 500 109
70 600 0
102 130 0
110 33 0
112 1 20481
114 1 513
118 25307 0
121 0 4098
122 0 514
123 6 134
124 0 256
128 199 87
129 191 56
130 7733 2051
131 3760 1
132 7316 1
133 7075 4097
137 447 316
total 26
#inputFile=/home/pixeldaq/cyric/afterIrrad/src/registerdata/run00035_GR00128.txt
8 40 191
31 852 0
47 65535 0
55 65535 0
67 500 109
86 0 75
103 118 0
110 33 34
111 1 0
112 1 20481
114 1 513
118 25307 13883
121 0 4098
122 0 514
123 6 134
124 0 256
126 0 4096
130 7733 2051
131 3760 1
132 7316 1
133 7075 4097
total 21
#inputFile=/home/pixeldaq/cyric/afterIrrad/src/registerdata/run00035_GR00129.txt
8 40 191
31 852 0
47 65535 0
55 65535 0
67 500 109
86 0 75
103 118 0
110 33 34
111 1 0
112 1 20481
114 1 513
118 25307 7099
121 0 4098
122 0 514
123 6 134
124 0 256
126 0 4096
130 7733 2051
131 3760 1
132 7316 1
133 7075 4097
total 21
#inputFile=/home/pixeldaq/cyric/afterIrrad/src/registerdata/run00035_GR00130.txt
8 40 191
31 852 0
47 65535 0
55 65535 0
67 500 109
86 0 75
103 118 0
110 33 34
111 1 0
112 1 20481
114 1 513
118 25307 23627
121 0 4098
122 0 514
123 6 134
124 0 256
126 0 4096
130 7733 2051
131 3760 1
132 7316 1
133 7075 4097
total 21
#inputFile=/home/pixeldaq/cyric/afterIrrad/src/registerdata/run00035_GR00131.txt
8 40 191
31 852 0
47 65535 0
55 65535 0
67 500 109
86 0 75
103 118 0
110 33 34
111 1 0
112 1 20481
114 1 513
118 25307 53451
121 0 4098
122 0 514
123 6 134
124 0 256
126 0 4096
130 7733 2051
131 3760 1
132 7316 1
133 7075 4097
total 21
#inputFile=/home/pixeldaq/cyric/afterIrrad/src/registerdata/run00035_GR00132.txt
8 40 191
31 852 0
47 65535 0
55 65535 0
67 500 109
86 0 75
103 118 0
110 33 34
111 1 0
112 1 20481
114 1 513
118 25307 51891
121 0 4098
122 0 514
123 6 134
124 0 256
126 0 4096
130 7733 2051
131 3760 1
132 7316 1
133 7075 4097
total 21
