#inputFile=/home/pixeldaq/cyric/afterIrrad/src/registerdata/run00031_GR00001.txt
total 0
#inputFile=/home/pixeldaq/cyric/afterIrrad/src/registerdata/run00031_GR00002.txt
118 56235 16227
total 1
#inputFile=/home/pixeldaq/cyric/afterIrrad/src/registerdata/run00031_GR00003.txt
118 56235 33803
total 1
#inputFile=/home/pixeldaq/cyric/afterIrrad/src/registerdata/run00031_GR00004.txt
118 56235 60555
total 1
#inputFile=/home/pixeldaq/cyric/afterIrrad/src/registerdata/run00031_GR00005.txt
118 56235 30275
total 1
#inputFile=/home/pixeldaq/cyric/afterIrrad/src/registerdata/run00031_GR00006.txt
118 56235 11659
total 1
#inputFile=/home/pixeldaq/cyric/afterIrrad/src/registerdata/run00031_GR00007.txt
118 56235 60747
total 1
#inputFile=/home/pixeldaq/cyric/afterIrrad/src/registerdata/run00031_GR00008.txt
118 56235 14107
121 0 4096
total 2
#inputFile=/home/pixeldaq/cyric/afterIrrad/src/registerdata/run00031_GR00009.txt
118 56235 16347
121 0 4096
total 2
#inputFile=/home/pixeldaq/cyric/afterIrrad/src/registerdata/run00031_GR00010.txt
118 56235 46627
121 0 4096
total 2
#inputFile=/home/pixeldaq/cyric/afterIrrad/src/registerdata/run00031_GR00011.txt
118 56235 15587
121 0 4096
total 2
#inputFile=/home/pixeldaq/cyric/afterIrrad/src/registerdata/run00031_GR00012.txt
118 56235 42891
121 0 4096
total 2
#inputFile=/home/pixeldaq/cyric/afterIrrad/src/registerdata/run00031_GR00013.txt
118 56235 19459
121 0 4096
total 2
#inputFile=/home/pixeldaq/cyric/afterIrrad/src/registerdata/run00031_GR00014.txt
118 56235 5779
121 0 4096
total 2
#inputFile=/home/pixeldaq/cyric/afterIrrad/src/registerdata/run00031_GR00015.txt
118 56235 63091
121 0 4096
total 2
#inputFile=/home/pixeldaq/cyric/afterIrrad/src/registerdata/run00031_GR00016.txt
118 56235 39948
121 0 4096
132 6496 2400
total 3
#inputFile=/home/pixeldaq/cyric/afterIrrad/src/registerdata/run00031_GR00017.txt
118 56235 23476
121 0 4096
132 6496 2400
total 3
#inputFile=/home/pixeldaq/cyric/afterIrrad/src/registerdata/run00031_GR00018.txt
118 56235 52500
121 0 4096
132 6496 2400
total 3
#inputFile=/home/pixeldaq/cyric/afterIrrad/src/registerdata/run00031_GR00019.txt
118 56235 26572
121 0 4096
122 0 32
132 6496 2400
total 4
#inputFile=/home/pixeldaq/cyric/afterIrrad/src/registerdata/run00031_GR00020.txt
118 56235 22716
121 0 4096
122 0 32
130 7490 1
131 6464 1
132 6496 1
133 22590 1
total 7
#inputFile=/home/pixeldaq/cyric/afterIrrad/src/registerdata/run00031_GR00021.txt
118 56235 12420
121 0 4096
122 0 32
130 7490 1
131 6464 1
132 6496 1
133 22590 1
total 7
#inputFile=/home/pixeldaq/cyric/afterIrrad/src/registerdata/run00031_GR00022.txt
118 56235 61036
121 0 4096
122 0 32
125 0 4
130 7490 1
131 6464 1
132 6496 1
133 22590 1
total 8
#inputFile=/home/pixeldaq/cyric/afterIrrad/src/registerdata/run00031_GR00023.txt
116 1 16385
118 56235 38836
121 0 4096
122 0 32
125 0 4
130 7490 1
131 6464 1
132 6496 1
133 22590 1
total 9
#inputFile=/home/pixeldaq/cyric/afterIrrad/src/registerdata/run00031_GR00024.txt
116 1 16385
118 56235 55516
121 0 4096
122 0 32
125 0 4
130 7490 1
131 6464 1
132 6496 1
133 22590 1
total 9
#inputFile=/home/pixeldaq/cyric/afterIrrad/src/registerdata/run00031_GR00025.txt
116 1 16385
118 56235 11004
121 0 4096
122 0 32
125 0 4
130 7490 1
131 6464 1
132 6496 1
133 22590 1
total 9
#inputFile=/home/pixeldaq/cyric/afterIrrad/src/registerdata/run00031_GR00026.txt
116 1 16385
118 56235 42108
121 0 4096
122 0 32
125 0 4
130 7490 1
131 6464 1
132 6496 1
133 22590 1
total 9
#inputFile=/home/pixeldaq/cyric/afterIrrad/src/registerdata/run00031_GR00027.txt
116 1 16385
118 56235 53028
121 0 4096
122 0 32
125 0 4
130 7490 1
131 6464 1
132 6496 1
133 22590 1
total 9
#inputFile=/home/pixeldaq/cyric/afterIrrad/src/registerdata/run00031_GR00028.txt
116 1 16385
118 56235 45308
121 0 4096
122 0 32
125 0 4
130 7490 1
131 6464 1
132 6496 1
133 22590 1
total 9
#inputFile=/home/pixeldaq/cyric/afterIrrad/src/registerdata/run00031_GR00029.txt
116 1 16385
118 56235 21932
121 0 4096
122 0 32
125 0 4
130 7490 1
131 6464 1
132 6496 1
133 22590 1
total 9
#inputFile=/home/pixeldaq/cyric/afterIrrad/src/registerdata/run00031_GR00030.txt
116 1 16385
118 56235 12844
121 0 4096
122 0 32
125 0 4
130 7490 1
131 6464 1
132 6496 1
133 22590 1
total 9
#inputFile=/home/pixeldaq/cyric/afterIrrad/src/registerdata/run00031_GR00031.txt
26 250 0
34 1 0
42 1000 0
50 65535 0
58 65535 0
66 50 0
74 240 0
106 121 0
114 1 0
116 1 16385
118 56235 36700
121 0 4096
125 0 4
130 7490 0
131 6464 1
132 6496 1
133 22590 1
total 17
#inputFile=/home/pixeldaq/cyric/afterIrrad/src/registerdata/run00031_GR00032.txt
26 250 0
34 1 0
42 1000 0
50 65535 0
58 65535 0
66 50 0
74 240 0
106 121 0
114 1 0
116 1 16385
118 56235 56316
121 0 4096
125 0 4
130 7490 0
131 6464 1
132 6496 1
133 22590 1
total 17
#inputFile=/home/pixeldaq/cyric/afterIrrad/src/registerdata/run00031_GR00033.txt
26 250 0
34 1 0
42 1000 0
50 65535 0
58 65535 0
66 50 0
74 240 0
106 121 0
114 1 0
116 1 16385
118 56235 12460
121 0 4096
125 0 4
130 7490 0
131 6464 0
132 6496 1
133 22590 1
total 17
#inputFile=/home/pixeldaq/cyric/afterIrrad/src/registerdata/run00031_GR00034.txt
26 250 0
34 1 0
42 1000 0
50 65535 0
58 65535 0
66 50 0
74 240 0
106 121 0
114 1 0
116 1 16385
118 56235 47180
121 0 4096
125 0 4
130 7490 0
131 6464 0
132 6496 1
133 22590 1
total 17
#inputFile=/home/pixeldaq/cyric/afterIrrad/src/registerdata/run00031_GR00035.txt
26 250 0
34 1 0
42 1000 0
50 65535 0
58 65535 0
66 50 0
74 240 0
106 121 0
114 1 0
116 1 16385
118 56235 42692
121 0 4096
125 0 4
130 7490 0
131 6464 0
132 6496 1
133 22590 1
total 17
#inputFile=/home/pixeldaq/cyric/afterIrrad/src/registerdata/run00031_GR00036.txt
26 250 0
34 1 0
42 1000 0
50 65535 0
58 65535 0
66 50 0
74 240 0
106 121 0
114 1 0
116 1 16385
118 56235 20420
121 0 4096
125 0 4
130 7490 0
131 6464 0
132 6496 1
133 22590 1
total 17
#inputFile=/home/pixeldaq/cyric/afterIrrad/src/registerdata/run00031_GR00037.txt
26 250 0
34 1 0
42 1000 0
50 65535 0
58 65535 0
66 50 0
74 240 0
106 121 0
114 1 0
116 1 16385
118 56235 40356
121 0 4096
125 0 4
130 7490 0
131 6464 0
132 6496 1
133 22590 1
total 17
#inputFile=/home/pixeldaq/cyric/afterIrrad/src/registerdata/run00031_GR00038.txt
26 250 0
34 1 0
42 1000 0
50 65535 0
58 65535 0
66 50 0
74 240 0
106 121 0
114 1 0
116 1 16385
118 56235 5932
121 0 4096
125 0 4
130 7490 0
131 6464 0
132 6496 1
133 22590 1
total 17
#inputFile=/home/pixeldaq/cyric/afterIrrad/src/registerdata/run00031_GR00039.txt
26 250 0
34 1 0
42 1000 0
50 65535 0
58 65535 0
66 50 0
74 240 0
106 121 0
114 1 0
116 1 16385
118 56235 108
121 0 4096
125 0 4
130 7490 0
131 6464 0
132 6496 1
133 22590 1
total 17
#inputFile=/home/pixeldaq/cyric/afterIrrad/src/registerdata/run00031_GR00040.txt
26 250 0
34 1 0
42 1000 0
50 65535 0
58 65535 0
66 50 0
74 240 0
106 121 0
114 1 0
116 1 16385
118 56235 356
121 0 4096
125 0 4
130 7490 0
131 6464 0
132 6496 1
133 22590 1
total 17
#inputFile=/home/pixeldaq/cyric/afterIrrad/src/registerdata/run00031_GR00041.txt
26 250 0
34 1 0
42 1000 0
50 65535 0
58 65535 0
66 50 0
74 240 0
106 121 0
114 1 0
116 1 16385
118 56235 30292
121 0 4096
125 0 4
130 7490 0
131 6464 0
132 6496 1
133 22590 1
total 17
#inputFile=/home/pixeldaq/cyric/afterIrrad/src/registerdata/run00031_GR00042.txt
26 250 0
34 1 0
42 1000 0
50 65535 0
58 65535 0
66 50 0
74 240 0
106 121 0
114 1 0
116 1 16385
118 56235 23588
121 0 4096
125 0 4
130 7490 0
131 6464 0
132 6496 1
133 22590 1
total 17
#inputFile=/home/pixeldaq/cyric/afterIrrad/src/registerdata/run00031_GR00043.txt
26 250 0
34 1 0
37 64 0
42 1000 0
45 200 0
50 65535 0
53 65535 0
58 65535 0
61 60 0
66 50 0
69 31 0
74 240 0
77 8191 0
101 136 0
106 121 0
114 1 0
116 1 16385
117 1 0
118 56235 16892
121 0 4096
130 7490 0
131 6464 0
132 6496 1
133 22590 0
total 24
#inputFile=/home/pixeldaq/cyric/afterIrrad/src/registerdata/run00031_GR00044.txt
26 250 0
34 1 0
37 64 0
42 1000 0
45 200 0
50 65535 0
53 65535 0
58 65535 0
61 60 0
66 50 0
69 31 0
74 240 0
77 8191 0
101 136 0
106 121 0
114 1 0
116 1 16385
117 1 0
118 56235 53492
121 0 4096
130 7490 0
131 6464 0
132 6496 1
133 22590 0
total 24
#inputFile=/home/pixeldaq/cyric/afterIrrad/src/registerdata/run00031_GR00045.txt
26 250 0
34 1 0
37 64 0
42 1000 0
45 200 0
50 65535 0
53 65535 0
58 65535 0
61 60 0
66 50 0
69 31 0
74 240 0
77 8191 0
101 136 0
106 121 0
114 1 0
116 1 16385
117 1 0
118 56235 404
121 0 4096
130 7490 0
131 6464 0
132 6496 1
133 22590 0
total 24
#inputFile=/home/pixeldaq/cyric/afterIrrad/src/registerdata/run00031_GR00046.txt
26 250 0
34 1 0
37 64 0
42 1000 0
45 200 0
50 65535 0
53 65535 0
58 65535 0
61 60 0
66 50 0
69 31 0
74 240 0
77 8191 0
101 136 0
106 121 0
114 1 0
116 1 16385
117 1 0
118 56235 35372
121 0 4096
130 7490 0
131 6464 0
132 6496 1
133 22590 0
total 24
#inputFile=/home/pixeldaq/cyric/afterIrrad/src/registerdata/run00031_GR00047.txt
26 250 0
34 1 0
37 64 0
42 1000 0
45 200 0
50 65535 0
53 65535 0
58 65535 0
61 60 0
66 50 0
69 31 0
74 240 0
77 8191 0
101 136 0
106 121 0
114 1 0
116 1 16385
117 1 0
118 56235 61932
121 0 4096
130 7490 0
131 6464 0
132 6496 1
133 22590 0
total 24
#inputFile=/home/pixeldaq/cyric/afterIrrad/src/registerdata/run00031_GR00048.txt
26 250 0
34 1 0
37 64 0
42 1000 0
45 200 0
50 65535 0
53 65535 0
58 65535 0
61 60 0
66 50 0
69 31 0
74 240 0
77 8191 0
101 136 0
106 121 0
114 1 0
116 1 16385
117 1 0
118 56235 45244
121 0 4096
130 7490 0
131 6464 0
132 6496 1
133 22590 0
total 24
#inputFile=/home/pixeldaq/cyric/afterIrrad/src/registerdata/run00031_GR00049.txt
26 250 0
34 1 0
37 64 0
42 1000 0
45 200 0
50 65535 0
53 65535 0
58 65535 0
61 60 0
66 50 0
69 31 0
74 240 0
77 8191 0
101 136 0
106 121 0
114 1 0
116 1 16385
117 1 0
118 56235 12620
121 0 4096
124 0 32
130 7490 0
131 6464 0
132 6496 1
133 22590 0
total 25
#inputFile=/home/pixeldaq/cyric/afterIrrad/src/registerdata/run00031_GR00050.txt
26 250 0
34 1 0
37 64 0
42 1000 0
45 200 0
50 65535 0
53 65535 0
58 65535 0
61 60 0
66 50 0
69 31 0
74 240 0
77 8191 0
101 136 0
106 121 0
114 1 0
116 1 16385
117 1 0
118 56235 39212
121 0 4096
124 0 32
130 7490 0
131 6464 0
132 6496 1
133 22590 0
total 25
#inputFile=/home/pixeldaq/cyric/afterIrrad/src/registerdata/run00031_GR00052.txt
22 500 0
26 250 0
30 4 0
34 1 0
37 64 0
38 16 0
42 1000 0
45 200 0
46 65535 0
50 65535 0
53 65535 0
54 15 0
58 65535 0
61 60 0
62 5124 0
66 50 0
69 31 0
70 600 0
74 240 0
77 8191 0
101 136 0
102 130 0
106 121 0
110 1 0
114 1 0
116 1 16385
117 1 0
118 56235 0
121 0 4096
124 0 32
130 7490 0
131 6464 0
132 6496 1
133 22590 0
total 34
#inputFile=/home/pixeldaq/cyric/afterIrrad/src/registerdata/run00031_GR00053.txt
22 500 0
26 250 0
30 4 0
34 1 0
37 64 0
38 16 0
42 1000 0
45 200 0
46 65535 0
50 65535 0
53 65535 0
54 15 0
58 65535 0
61 60 0
62 5124 0
66 50 0
69 31 0
70 600 0
74 240 0
77 8191 0
101 136 0
102 130 0
106 121 0
110 1 0
114 1 0
116 1 16385
117 1 0
118 56235 0
121 0 4096
124 0 32
130 7490 0
131 6464 0
132 6496 1
133 22590 0
total 34
#inputFile=/home/pixeldaq/cyric/afterIrrad/src/registerdata/run00031_GR00054.txt
22 500 0
26 250 0
30 4 0
34 1 0
37 64 0
38 16 0
42 1000 0
45 200 0
46 65535 0
50 65535 0
53 65535 0
54 15 0
58 65535 0
61 60 0
62 5124 0
66 50 0
69 31 0
70 600 0
74 240 0
77 8191 0
101 136 0
102 130 0
106 121 0
110 1 0
114 1 0
116 1 16385
117 1 0
118 56235 0
121 0 4096
124 0 32
130 7490 0
131 6464 0
132 6496 1
133 22590 0
total 34
#inputFile=/home/pixeldaq/cyric/afterIrrad/src/registerdata/run00031_GR00055.txt
22 500 0
26 250 0
30 4 0
34 1 0
37 64 0
38 16 0
42 1000 0
45 200 0
46 65535 0
50 65535 0
53 65535 0
54 15 0
58 65535 0
61 60 0
62 5124 0
66 50 0
69 31 0
70 600 0
74 240 0
77 8191 0
101 136 0
102 130 0
106 121 0
110 1 0
114 1 0
116 1 16385
117 1 0
118 56235 0
121 0 4096
124 0 32
130 7490 0
131 6464 0
132 6496 1
133 22590 0
total 34
#inputFile=/home/pixeldaq/cyric/afterIrrad/src/registerdata/run00031_GR00056.txt
1 199 48
2 191 170
19 300 0
26 250 0
27 50 0
31 852 0
34 1 0
35 65535 0
42 1000 0
43 520 0
47 65535 0
50 65535 0
51 65535 0
55 65535 0
58 65535 0
59 15 0
66 50 0
67 500 0
74 240 0
75 15 0
103 118 0
106 121 0
107 122 0
110 1 16385
111 1 0
114 1 0
115 1 0
116 1 16385
118 56235 26964
121 0 4096
124 0 32
125 0 4
128 199 0
129 191 170
130 7490 0
131 6464 0
132 6496 1
133 22590 1
137 447 430
total 39
#inputFile=/home/pixeldaq/cyric/afterIrrad/src/registerdata/run00031_GR00057.txt
22 500 0
26 250 0
30 4 0
34 1 0
37 64 0
38 16 0
42 1000 0
45 200 0
46 65535 0
50 65535 0
53 65535 0
54 15 0
58 65535 0
61 60 0
62 5124 0
66 50 0
69 31 0
70 600 0
74 240 0
77 8191 0
101 136 0
102 130 0
106 121 0
110 1 0
114 1 0
116 1 16385
117 1 0
118 56235 0
121 0 4096
124 0 32
130 7490 0
131 6464 0
132 6496 1
133 22590 0
total 34
#inputFile=/home/pixeldaq/cyric/afterIrrad/src/registerdata/run00031_GR00058.txt
22 500 0
26 250 0
30 4 0
34 1 0
37 64 0
38 16 0
42 1000 0
45 200 0
46 65535 0
50 65535 0
53 65535 0
54 15 0
58 65535 0
61 60 0
62 5124 0
66 50 0
69 31 0
70 600 0
74 240 0
77 8191 0
101 136 0
102 130 0
106 121 0
110 1 0
114 1 0
116 1 16385
117 1 0
118 56235 0
121 0 4096
124 0 32
130 7490 0
131 6464 0
132 6496 1
133 22590 0
total 34
#inputFile=/home/pixeldaq/cyric/afterIrrad/src/registerdata/run00031_GR00059.txt
22 500 0
26 250 0
30 4 0
34 1 0
37 64 0
38 16 0
42 1000 0
45 200 0
46 65535 0
50 65535 0
53 65535 0
54 15 0
58 65535 0
61 60 0
62 5124 0
66 50 0
69 31 0
70 600 0
74 240 0
77 8191 0
101 136 0
102 130 0
106 121 0
110 1 0
111 1 513
114 1 0
116 1 16385
117 1 0
118 56235 0
121 0 4096
124 0 32
130 7490 0
131 6464 0
132 6496 1
133 22590 0
total 35
#inputFile=/home/pixeldaq/cyric/afterIrrad/src/registerdata/run00031_GR00060.txt
22 500 0
26 250 0
30 4 0
34 1 0
37 64 0
38 16 0
42 1000 0
45 200 0
46 65535 0
50 65535 0
53 65535 0
54 15 0
58 65535 0
61 60 0
62 5124 0
66 50 0
69 31 0
70 600 0
74 240 0
77 8191 0
101 136 0
102 130 0
106 121 0
110 1 0
111 1 513
114 1 0
116 1 16385
117 1 0
118 56235 0
121 0 4096
124 0 32
130 7490 0
131 6464 0
132 6496 1
133 22590 0
total 35
#inputFile=/home/pixeldaq/cyric/afterIrrad/src/registerdata/run00031_GR00061.txt
22 500 0
26 250 0
30 4 0
34 1 0
37 64 0
38 16 0
42 1000 0
45 200 0
46 65535 0
50 65535 0
53 65535 0
54 15 0
58 65535 0
61 60 0
62 5124 0
66 50 0
69 31 0
70 600 0
74 240 0
77 8191 0
101 136 0
102 130 0
106 121 0
110 1 0
111 1 513
114 1 0
115 1 3
116 1 16385
117 1 0
118 56235 0
121 0 4096
124 0 32
130 7490 0
131 6464 0
132 6496 1
133 22590 0
total 36
#inputFile=/home/pixeldaq/cyric/afterIrrad/src/registerdata/run00031_GR00062.txt
22 500 0
26 250 0
30 4 0
34 1 0
37 64 0
38 16 0
42 1000 0
45 200 0
46 65535 0
50 65535 0
53 65535 0
54 15 0
58 65535 0
61 60 0
62 5124 0
66 50 0
69 31 0
70 600 0
74 240 0
77 8191 0
101 136 0
102 130 0
106 121 0
110 1 0
111 1 513
114 1 0
115 1 3
116 1 16385
117 1 0
118 56235 0
121 0 4096
124 0 32
130 7490 0
131 6464 0
132 6496 1
133 22590 0
total 36
#inputFile=/home/pixeldaq/cyric/afterIrrad/src/registerdata/run00031_GR00063.txt
22 500 0
26 250 0
30 4 0
34 1 0
37 64 0
38 16 0
42 1000 0
45 200 0
46 65535 0
50 65535 0
53 65535 0
54 15 0
58 65535 0
61 60 0
62 5124 0
66 50 0
69 31 0
70 600 0
74 240 0
77 8191 0
101 136 0
102 130 0
106 121 0
110 1 0
111 1 513
114 1 0
115 1 3
116 1 16385
117 1 0
118 56235 0
120 0 1
121 0 4096
124 0 32
130 7490 0
131 6464 0
132 6496 1
133 22590 0
total 37
#inputFile=/home/pixeldaq/cyric/afterIrrad/src/registerdata/run00031_GR00064.txt
22 500 0
26 250 0
30 4 0
34 1 0
37 64 0
38 16 0
42 1000 0
45 200 0
46 65535 0
50 65535 0
53 65535 0
54 15 0
58 65535 0
61 60 0
62 5124 0
66 50 0
69 31 0
70 600 0
74 240 0
77 8191 0
101 136 0
102 130 0
106 121 0
110 1 0
111 1 513
114 1 0
115 1 3
116 1 16385
117 1 0
118 56235 0
120 0 1
121 0 4096
124 0 32
130 7490 0
131 6464 0
132 6496 1
133 22590 0
total 37
#inputFile=/home/pixeldaq/cyric/afterIrrad/src/registerdata/run00031_GR00065.txt
22 500 0
26 250 0
30 4 0
34 1 0
37 64 0
38 16 0
42 1000 0
45 200 0
46 65535 0
50 65535 0
53 65535 0
54 15 0
58 65535 0
61 60 0
62 5124 0
66 50 0
69 31 0
70 600 0
74 240 0
77 8191 0
101 136 0
102 130 0
106 121 0
110 1 0
111 1 513
114 1 0
115 1 3
116 1 16385
117 1 0
118 56235 0
120 0 1
121 0 4096
124 0 32
130 7490 0
131 6464 0
132 6496 1
133 22590 0
total 37
#inputFile=/home/pixeldaq/cyric/afterIrrad/src/registerdata/run00031_GR00066.txt
22 500 0
26 250 0
30 4 0
34 1 0
37 64 0
38 16 0
42 1000 0
45 200 0
46 65535 0
50 65535 0
53 65535 0
54 15 0
58 65535 0
61 60 0
62 5124 0
66 50 0
69 31 0
70 600 0
74 240 0
77 8191 0
101 136 0
102 130 0
106 121 0
110 1 0
111 1 513
114 1 0
115 1 3
116 1 16385
117 1 0
118 56235 0
120 0 1
121 0 4096
124 0 32
130 7490 0
131 6464 0
132 6496 1
133 22590 0
total 37
#inputFile=/home/pixeldaq/cyric/afterIrrad/src/registerdata/run00031_GR00067.txt
22 500 0
26 250 0
30 4 0
34 1 0
37 64 0
38 16 0
42 1000 0
45 200 0
46 65535 0
50 65535 0
53 65535 0
54 15 0
58 65535 0
61 60 0
62 5124 0
66 50 0
69 31 0
70 600 0
74 240 0
77 8191 0
101 136 0
102 130 0
106 121 0
110 1 0
111 1 513
114 1 0
115 1 3
116 1 16385
117 1 0
118 56235 0
120 0 1
121 0 4096
124 0 32
130 7490 0
131 6464 0
132 6496 1
133 22590 0
total 37
#inputFile=/home/pixeldaq/cyric/afterIrrad/src/registerdata/run00031_GR00068.txt
22 500 0
26 250 0
30 4 0
34 1 0
37 64 0
38 16 0
42 1000 0
45 200 0
46 65535 0
50 65535 0
53 65535 0
54 15 0
58 65535 0
61 60 0
62 5124 0
66 50 0
69 31 0
70 600 0
74 240 0
77 8191 0
101 136 0
102 130 0
106 121 0
110 1 0
111 1 513
114 1 0
115 1 3
116 1 16385
117 1 0
118 56235 0
120 0 1
121 0 4096
124 0 32
130 7490 0
131 6464 0
132 6496 1
133 22590 0
total 37
#inputFile=/home/pixeldaq/cyric/afterIrrad/src/registerdata/run00031_GR00069.txt
22 500 0
26 250 0
30 4 0
32 65535 191
34 1 0
37 64 0
38 16 0
42 1000 0
45 200 0
46 65535 0
50 65535 0
53 65535 0
54 15 0
58 65535 0
61 60 0
62 5124 0
66 50 0
69 31 0
70 600 0
74 240 0
77 8191 0
101 136 0
102 130 0
106 121 0
110 1 0
111 1 513
114 1 0
115 1 3
116 1 16385
117 1 0
118 56235 0
120 0 1
121 0 4096
124 0 32
130 7490 0
131 6464 0
132 6496 1
133 22590 0
total 38
#inputFile=/home/pixeldaq/cyric/afterIrrad/src/registerdata/run00031_GR00070.txt
22 500 0
26 250 0
30 4 0
32 65535 191
34 1 0
37 64 0
38 16 0
42 1000 0
45 200 0
46 65535 0
50 65535 0
53 65535 0
54 15 0
58 65535 0
61 60 0
62 5124 0
66 50 0
69 31 0
70 600 0
74 240 0
77 8191 0
101 136 0
102 130 0
106 121 0
110 1 0
111 1 513
114 1 0
115 1 3
116 1 16385
117 1 0
118 56235 0
120 0 1
121 0 4096
124 0 32
130 7490 0
131 6464 0
132 6496 1
133 22590 0
total 38
#inputFile=/home/pixeldaq/cyric/afterIrrad/src/registerdata/run00031_GR00071.txt
22 500 0
26 250 0
30 4 0
32 65535 191
34 1 0
37 64 0
38 16 0
42 1000 0
45 200 0
46 65535 0
50 65535 0
53 65535 0
54 15 0
58 65535 0
61 60 0
62 5124 0
66 50 0
69 31 0
70 600 0
74 240 0
77 8191 0
101 136 0
102 130 0
106 121 0
110 1 0
111 1 513
114 1 0
115 1 3
116 1 16385
117 1 0
118 56235 0
120 0 1
121 0 4096
124 0 32
130 7490 0
131 6464 0
132 6496 1
133 22590 0
total 38
#inputFile=/home/pixeldaq/cyric/afterIrrad/src/registerdata/run00031_GR00072.txt
22 500 0
26 250 0
30 4 0
32 65535 191
34 1 0
37 64 0
38 16 0
42 1000 0
45 200 0
46 65535 0
50 65535 0
53 65535 0
54 15 0
58 65535 0
61 60 0
62 5124 0
66 50 0
69 31 0
70 600 0
74 240 0
77 8191 0
101 136 0
102 130 0
106 121 0
110 1 0
111 1 513
114 1 0
115 1 3
116 1 16385
117 1 0
118 56235 0
120 0 1
121 0 4096
124 0 32
130 7490 0
131 6464 0
132 6496 1
133 22590 0
total 38
#inputFile=/home/pixeldaq/cyric/afterIrrad/src/registerdata/run00031_GR00074.txt
22 500 0
26 250 0
28 20 7
30 4 0
32 65535 191
34 1 0
37 64 0
38 16 0
42 1000 0
45 200 0
46 65535 0
50 65535 0
53 65535 0
54 15 0
58 65535 0
61 60 0
62 5124 0
66 50 0
69 31 0
70 600 0
74 240 0
77 8191 0
101 136 0
102 130 0
106 121 0
110 1 0
111 1 513
114 1 0
115 1 3
116 1 16385
117 1 0
118 56235 0
120 0 1
121 0 4096
124 0 32
130 7490 0
131 6464 0
132 6496 1
133 22590 0
total 39
#inputFile=/home/pixeldaq/cyric/afterIrrad/src/registerdata/run00031_GR00075.txt
22 500 0
26 250 0
28 20 7
30 4 0
32 65535 191
34 1 0
37 64 0
38 16 0
42 1000 0
45 200 0
46 65535 0
50 65535 0
53 65535 0
54 15 0
58 65535 0
61 60 0
62 5124 0
66 50 0
69 31 0
70 600 0
74 240 0
77 8191 0
101 136 0
102 130 0
106 121 0
110 1 0
111 1 513
114 1 0
115 1 3
116 1 16385
117 1 0
118 56235 0
120 0 1
121 0 4096
124 0 32
130 7490 0
131 6464 0
132 6496 1
133 22590 0
total 39
#inputFile=/home/pixeldaq/cyric/afterIrrad/src/registerdata/run00031_GR00076.txt
22 500 0
26 250 0
28 20 7
30 4 0
32 65535 191
34 1 0
37 64 0
38 16 0
42 1000 0
45 200 0
46 65535 0
50 65535 0
53 65535 0
54 15 0
58 65535 0
61 60 0
62 5124 0
66 50 0
69 31 0
70 600 0
74 240 0
77 8191 0
101 136 0
102 130 0
106 121 0
110 1 0
111 1 513
114 1 0
115 1 3
116 1 16385
117 1 0
118 56235 0
120 0 1
121 0 4096
124 0 32
130 7490 0
131 6464 0
132 6496 1
133 22590 0
total 39
#inputFile=/home/pixeldaq/cyric/afterIrrad/src/registerdata/run00031_GR00077.txt
22 500 0
26 250 0
28 20 7
30 4 0
32 65535 191
34 1 0
37 64 0
38 16 0
42 1000 0
45 200 0
46 65535 0
50 65535 0
53 65535 0
54 15 0
58 65535 0
61 60 0
62 5124 0
66 50 0
69 31 0
70 600 0
74 240 0
77 8191 0
101 136 0
102 130 0
106 121 0
110 1 0
111 1 513
114 1 0
115 1 3
116 1 16385
117 1 0
118 56235 0
120 0 1
121 0 4096
124 0 32
130 7490 0
131 6464 0
132 6496 1
133 22590 0
total 39
#inputFile=/home/pixeldaq/cyric/afterIrrad/src/registerdata/run00031_GR00078.txt
22 500 0
26 250 0
28 20 7
30 4 0
32 65535 191
34 1 0
37 64 0
38 16 0
42 1000 0
45 200 0
46 65535 0
50 65535 0
53 65535 0
54 15 0
58 65535 0
61 60 0
62 5124 0
66 50 0
69 31 0
70 600 0
74 240 0
77 8191 0
101 136 0
102 130 0
106 121 0
110 1 0
111 1 513
114 1 0
115 1 3
116 1 16385
117 1 0
118 56235 0
120 0 1
121 0 4096
124 0 32
130 7490 0
131 6464 0
132 6496 1
133 22590 0
total 39
#inputFile=/home/pixeldaq/cyric/afterIrrad/src/registerdata/run00031_GR00079.txt
22 500 0
26 250 0
28 20 7
30 4 0
32 65535 191
34 1 0
37 64 0
38 16 0
42 1000 0
45 200 0
46 65535 0
50 65535 0
53 65535 0
54 15 0
58 65535 0
61 60 0
62 5124 0
66 50 0
69 31 0
70 600 0
74 240 0
77 8191 0
101 136 0
102 130 0
106 121 0
110 1 0
111 1 513
114 1 0
115 1 3
116 1 16385
117 1 0
118 56235 0
120 0 1
121 0 4096
124 0 32
130 7490 0
131 6464 0
132 6496 1
133 22590 0
total 39
#inputFile=/home/pixeldaq/cyric/afterIrrad/src/registerdata/run00031_GR00080.txt
22 500 0
26 250 0
28 20 7
30 4 0
32 65535 191
34 1 0
37 64 0
38 16 0
42 1000 0
45 200 0
46 65535 0
50 65535 0
53 65535 0
54 15 0
58 65535 0
61 60 0
62 5124 0
66 50 0
69 31 0
70 600 0
74 240 0
77 8191 0
101 136 0
102 130 0
106 121 0
110 1 0
111 1 513
114 1 0
115 1 3
116 1 16385
117 1 0
118 56235 0
120 0 1
121 0 4096
124 0 32
130 7490 0
131 6464 0
132 6496 1
133 22590 0
total 39
#inputFile=/home/pixeldaq/cyric/afterIrrad/src/registerdata/run00031_GR00081.txt
22 500 0
26 250 0
28 20 7
30 4 0
32 65535 191
34 1 0
37 64 0
38 16 0
42 1000 0
45 200 0
46 65535 0
50 65535 0
53 65535 0
54 15 0
58 65535 0
61 60 0
62 5124 0
66 50 0
69 31 0
70 600 0
74 240 0
77 8191 0
101 136 0
102 130 0
106 121 0
110 1 0
111 1 513
114 1 0
115 1 3
116 1 16385
117 1 0
118 56235 0
120 0 1
121 0 4096
124 0 32
130 7490 0
131 6464 0
132 6496 1
133 22590 0
total 39
#inputFile=/home/pixeldaq/cyric/afterIrrad/src/registerdata/run00031_GR00082.txt
22 500 0
26 250 0
28 20 7
30 4 0
32 65535 191
34 1 0
37 64 0
38 16 0
42 1000 0
45 200 0
46 65535 0
50 65535 0
53 65535 0
54 15 0
58 65535 0
61 60 0
62 5124 0
66 50 0
69 31 0
70 600 0
74 240 0
77 8191 0
101 136 0
102 130 0
106 121 0
110 1 0
111 1 513
114 1 0
115 1 3
116 1 16385
117 1 0
118 56235 0
120 0 1
121 0 4096
124 0 32
130 7490 0
131 6464 0
132 6496 1
133 22590 0
total 39
#inputFile=/home/pixeldaq/cyric/afterIrrad/src/registerdata/run00031_GR00083.txt
22 500 0
26 250 0
28 20 7
30 4 0
32 65535 191
34 1 0
37 64 0
38 16 0
42 1000 0
45 200 0
46 65535 0
50 65535 0
53 65535 0
54 15 0
58 65535 0
61 60 0
62 5124 0
66 50 0
69 31 0
70 600 0
74 240 0
77 8191 0
101 136 0
102 130 0
106 121 0
110 1 0
111 1 513
114 1 0
115 1 3
116 1 16385
117 1 0
118 56235 0
120 0 1
121 0 4096
124 0 32
130 7490 0
131 6464 0
132 6496 1
133 22590 0
total 39
#inputFile=/home/pixeldaq/cyric/afterIrrad/src/registerdata/run00031_GR00084.txt
22 500 0
26 250 0
28 20 7
30 4 0
32 65535 191
34 1 0
37 64 0
38 16 0
42 1000 0
45 200 0
46 65535 0
50 65535 0
53 65535 0
54 15 0
58 65535 0
61 60 0
62 5124 0
66 50 0
69 31 0
70 600 0
74 240 0
77 8191 0
101 136 0
102 130 0
106 121 0
110 1 0
111 1 513
114 1 0
115 1 3
116 1 16897
117 1 0
118 56235 0
120 0 1
121 0 4096
124 0 32
130 7490 0
131 6464 0
132 6496 1
133 22590 0
total 39
#inputFile=/home/pixeldaq/cyric/afterIrrad/src/registerdata/run00031_GR00085.txt
22 500 0
26 250 0
28 20 7
30 4 0
32 65535 191
34 1 0
37 64 0
38 16 0
42 1000 0
45 200 0
46 65535 0
50 65535 0
53 65535 0
54 15 0
58 65535 0
61 60 0
62 5124 0
66 50 0
69 31 0
70 600 0
74 240 0
77 8191 0
101 136 0
102 130 0
106 121 0
110 1 0
111 1 513
114 1 0
115 1 3
116 1 16897
117 1 0
118 56235 0
120 0 1
121 0 4096
124 0 32
130 7490 0
131 6464 0
132 6496 1
133 22590 0
total 39
#inputFile=/home/pixeldaq/cyric/afterIrrad/src/registerdata/run00031_GR00086.txt
22 500 0
26 250 0
28 20 7
30 4 0
32 65535 191
34 1 0
37 64 0
38 16 0
42 1000 0
45 200 0
46 65535 0
50 65535 0
53 65535 0
54 15 0
58 65535 0
61 60 0
62 5124 0
66 50 0
69 31 0
70 600 0
74 240 0
77 8191 0
101 136 0
102 130 0
106 121 0
110 1 0
111 1 513
114 1 0
115 1 3
116 1 16897
117 1 0
118 56235 0
120 0 1
121 0 4096
124 0 32
130 7490 0
131 6464 0
132 6496 1
133 22590 0
total 39
#inputFile=/home/pixeldaq/cyric/afterIrrad/src/registerdata/run00031_GR00087.txt
22 500 0
26 250 0
28 20 7
30 4 0
32 65535 191
34 1 0
37 64 0
38 16 0
42 1000 0
45 200 0
46 65535 0
50 65535 0
53 65535 0
54 15 0
58 65535 0
61 60 0
62 5124 0
66 50 0
69 31 0
70 600 0
74 240 0
77 8191 0
101 136 0
102 130 0
106 121 0
110 1 0
111 1 513
114 1 0
115 1 3
116 1 16897
117 1 0
118 56235 0
120 0 1
121 0 4096
124 0 32
130 7490 0
131 6464 0
132 6496 1
133 22590 0
total 39
#inputFile=/home/pixeldaq/cyric/afterIrrad/src/registerdata/run00031_GR00088.txt
22 500 0
26 250 0
28 20 7
30 4 0
32 65535 191
34 1 0
37 64 0
38 16 0
42 1000 0
45 200 0
46 65535 0
50 65535 0
53 65535 0
54 15 0
58 65535 0
61 60 0
62 5124 0
66 50 0
69 31 0
70 600 0
74 240 0
77 8191 0
101 136 0
102 130 0
106 121 0
110 1 0
111 1 513
114 1 0
115 1 3
116 1 16897
117 1 0
118 56235 0
120 0 1
121 0 4096
124 0 32
130 7490 0
131 6464 0
132 6496 1
133 22590 0
total 39
#inputFile=/home/pixeldaq/cyric/afterIrrad/src/registerdata/run00031_GR00089.txt
22 500 0
26 250 0
28 20 7
30 4 0
32 65535 191
34 1 0
37 64 0
38 16 0
42 1000 0
45 200 0
46 65535 0
50 65535 0
53 65535 0
54 15 0
58 65535 0
61 60 0
62 5124 0
66 50 0
69 31 0
70 600 0
74 240 0
77 8191 0
101 136 0
102 130 0
106 121 0
110 1 0
111 1 513
114 1 0
115 1 3
116 1 16897
117 1 0
118 56235 0
120 0 1
121 0 4096
124 0 32
130 7490 0
131 6464 0
132 6496 1
133 22590 0
total 39
#inputFile=/home/pixeldaq/cyric/afterIrrad/src/registerdata/run00031_GR00090.txt
22 500 0
26 250 0
28 20 7
30 4 0
32 65535 191
34 1 0
37 64 0
38 16 0
42 1000 0
45 200 0
46 65535 0
50 65535 0
53 65535 0
54 15 0
58 65535 0
61 60 0
62 5124 0
66 50 0
69 31 0
70 600 0
74 240 0
77 8191 0
101 136 0
102 130 0
106 121 0
110 1 0
111 1 513
114 1 0
115 1 3
116 1 16897
117 1 0
118 56235 0
120 0 1
121 0 4096
124 0 32
130 7490 0
131 6464 0
132 6496 1
133 22590 0
total 39
#inputFile=/home/pixeldaq/cyric/afterIrrad/src/registerdata/run00031_GR00091.txt
22 500 0
26 250 0
28 20 7
30 4 0
32 65535 191
34 1 0
37 64 0
38 16 0
42 1000 0
45 200 0
46 65535 0
50 65535 0
53 65535 0
54 15 0
58 65535 0
61 60 0
62 5124 0
66 50 0
69 31 0
70 600 0
74 240 0
77 8191 0
101 136 0
102 130 0
106 121 0
110 1 0
111 1 513
114 1 0
115 1 3
116 1 16897
117 1 0
118 56235 0
120 0 1
121 0 4096
124 0 32
130 7490 0
131 6464 0
132 6496 1
133 22590 0
total 39
#inputFile=/home/pixeldaq/cyric/afterIrrad/src/registerdata/run00031_GR00092.txt
22 500 0
26 250 0
28 20 7
30 4 0
32 65535 191
34 1 0
37 64 0
38 16 0
42 1000 0
45 200 0
46 65535 0
50 65535 0
53 65535 0
54 15 0
58 65535 0
61 60 0
62 5124 0
66 50 0
69 31 0
70 600 0
74 240 0
77 8191 0
101 136 0
102 130 0
106 121 0
110 1 0
111 1 513
114 1 0
115 1 3
116 1 16897
117 1 0
118 56235 0
120 0 1
121 0 4096
124 0 32
130 7490 0
131 6464 0
132 6496 1
133 22590 0
total 39
#inputFile=/home/pixeldaq/cyric/afterIrrad/src/registerdata/run00031_GR00093.txt
22 500 0
26 250 0
28 20 7
30 4 0
32 65535 191
34 1 0
37 64 0
38 16 0
42 1000 0
45 200 0
46 65535 0
50 65535 0
53 65535 0
54 15 0
58 65535 0
61 60 0
62 5124 0
66 50 0
69 31 0
70 600 0
74 240 0
77 8191 0
101 136 0
102 130 0
106 121 0
110 1 0
111 1 513
114 1 0
115 1 3
116 1 16897
117 1 0
118 56235 0
120 0 1
121 0 4096
124 0 32
130 7490 0
131 6464 0
132 6496 1
133 22590 0
total 39
#inputFile=/home/pixeldaq/cyric/afterIrrad/src/registerdata/run00031_GR00095.txt
22 500 0
26 250 0
28 20 7
30 4 0
32 65535 191
34 1 0
37 64 0
38 16 0
42 1000 0
45 200 0
46 65535 0
50 65535 0
53 65535 0
54 15 0
58 65535 0
61 60 0
62 5124 0
66 50 0
69 31 0
70 600 0
74 240 0
77 8191 0
101 136 0
102 130 0
106 121 0
110 1 0
111 1 513
114 1 0
115 1 3
116 1 16897
117 1 0
118 56235 0
120 0 1
121 0 4096
124 0 32
130 7490 0
131 6464 0
132 6496 1
133 22590 0
total 39
#inputFile=/home/pixeldaq/cyric/afterIrrad/src/registerdata/run00031_GR00096.txt
22 500 0
26 250 0
28 20 7
30 4 0
32 65535 191
34 1 0
37 64 0
38 16 0
42 1000 0
45 200 0
46 65535 0
50 65535 0
53 65535 0
54 15 0
58 65535 0
61 60 0
62 5124 0
66 50 0
69 31 0
70 600 0
74 240 0
77 8191 0
101 136 0
102 130 0
106 121 0
110 1 0
111 1 513
114 1 0
115 1 3
116 1 16897
117 1 0
118 56235 0
120 0 1
121 0 4096
124 0 32
130 7490 0
131 6464 0
132 6496 1
133 22590 0
total 39
#inputFile=/home/pixeldaq/cyric/afterIrrad/src/registerdata/run00031_GR00097.txt
22 500 0
26 250 0
28 20 7
30 4 0
32 65535 191
34 1 0
37 64 0
38 16 0
42 1000 0
45 200 0
46 65535 0
50 65535 0
53 65535 0
54 15 0
58 65535 0
61 60 0
62 5124 0
66 50 0
69 31 0
70 600 0
74 240 0
77 8191 0
101 136 0
102 130 0
106 121 0
110 1 0
111 1 513
114 1 0
115 1 3
116 1 16897
117 1 0
118 56235 0
120 0 1
121 0 4096
124 0 32
130 7490 0
131 6464 0
132 6496 1
133 22590 0
total 39
#inputFile=/home/pixeldaq/cyric/afterIrrad/src/registerdata/run00031_GR00098.txt
22 500 0
26 250 0
28 20 7
30 4 0
32 65535 191
34 1 0
37 64 0
38 16 0
42 1000 0
45 200 0
46 65535 0
50 65535 0
53 65535 0
54 15 0
58 65535 0
61 60 0
62 5124 0
66 50 0
69 31 0
70 600 0
74 240 0
77 8191 0
101 136 0
102 130 0
106 121 0
110 1 0
111 1 513
114 1 0
115 1 3
116 1 16897
117 1 0
118 56235 0
120 0 1
121 0 4096
124 0 32
130 7490 0
131 6464 0
132 6496 1
133 22590 0
total 39
#inputFile=/home/pixeldaq/cyric/afterIrrad/src/registerdata/run00031_GR00099.txt
22 500 0
26 250 0
28 20 7
30 4 0
32 65535 191
34 1 0
37 64 0
38 16 0
42 1000 0
45 200 0
46 65535 0
50 65535 0
53 65535 0
54 15 0
58 65535 0
61 60 0
62 5124 0
66 50 0
69 31 0
70 600 0
74 240 0
77 8191 0
101 136 0
102 130 0
106 121 0
110 1 0
111 1 513
114 1 0
115 1 3
116 1 16897
117 1 0
118 56235 0
120 0 1
121 0 4096
124 0 32
130 7490 0
131 6464 0
132 6496 1
133 22590 0
total 39
#inputFile=/home/pixeldaq/cyric/afterIrrad/src/registerdata/run00031_GR00100.txt
1 199 41
2 191 1
20 400 0
27 50 0
28 20 0
32 65535 0
35 65535 0
36 1 0
43 520 0
44 16640 0
48 65535 0
51 65535 0
52 65535 0
56 65535 0
59 15 0
62 5124 2
64 1051 0
67 500 0
68 85 0
75 15 0
76 32 0
104 119 0
107 122 0
108 123 0
110 1 16389
111 1 513
112 1 0
115 1 0
116 1 0
117 1 33
118 56235 57088
121 0 4096
122 0 32
125 0 4
128 199 0
129 191 0
130 7490 1
131 6464 0
132 6496 0
133 22590 1
137 447 0
total 41
#inputFile=/home/pixeldaq/cyric/afterIrrad/src/registerdata/run00031_GR00102.txt
23 400 0
27 50 0
28 20 7
30 4 0
31 852 0
32 65535 191
35 65535 0
38 16 0
43 520 0
46 65535 0
47 65535 0
51 65535 0
54 15 0
55 65535 0
59 15 0
62 5124 0
67 500 0
70 600 0
75 15 0
102 130 0
103 118 0
107 122 0
110 1 0
111 1 0
115 1 0
116 1 16897
117 1 33
118 56235 0
120 0 1
121 0 4096
122 0 32
125 0 4
130 7490 1
131 6464 0
132 6496 0
133 22590 1
total 36
#inputFile=/home/pixeldaq/cyric/afterIrrad/src/registerdata/run00031_GR00103.txt
20 400 0
27 50 0
28 20 0
32 65535 0
35 65535 0
36 1 0
43 520 0
44 16640 0
48 65535 0
51 65535 0
52 65535 0
56 65535 0
59 15 0
62 5124 2
64 1051 0
67 500 0
68 85 0
75 15 0
76 32 0
104 119 0
107 122 0
108 123 0
110 1 16389
111 1 513
112 1 0
115 1 0
116 1 0
117 1 33
118 56235 7192
121 0 4096
122 0 32
125 0 4
128 199 0
129 191 0
130 7490 1
131 6464 0
132 6496 0
133 22590 1
137 447 0
total 39
#inputFile=/home/pixeldaq/cyric/afterIrrad/src/registerdata/run00031_GR00104.txt
1 199 0
5 100 0
8 40 0
9 300 0
13 450 0
16 50 0
17 130 0
21 500 0
24 1000 0
25 50 0
28 20 7
32 65535 0
33 65535 0
37 64 0
41 1000 0
45 200 0
48 65535 0
49 65535 0
53 65535 0
56 65535 0
57 65535 0
61 60 0
62 5124 2
64 1051 0
65 400 0
69 31 0
73 103 0
77 8191 0
101 136 0
102 130 0
104 119 0
105 120 0
110 1 0
111 1 513
112 1 0
113 1 0
115 1 0
116 1 0
117 1 0
118 56235 0
128 199 0
129 191 0
130 7490 0
131 6464 0
132 6496 0
133 22590 0
137 447 0
total 47
