#inputFile=/home/pixeldaq/cyric/afterIrrad/src/registerdata/run00033_GR00001.txt
total 0
#inputFile=/home/pixeldaq/cyric/afterIrrad/src/registerdata/run00033_GR00002.txt
total 0
#inputFile=/home/pixeldaq/cyric/afterIrrad/src/registerdata/run00033_GR00003.txt
total 0
#inputFile=/home/pixeldaq/cyric/afterIrrad/src/registerdata/run00033_GR00004.txt
total 0
#inputFile=/home/pixeldaq/cyric/afterIrrad/src/registerdata/run00033_GR00005.txt
16 50 123
17 130 146
29 0 60
30 4 12
38 16 20
41 1000 744
43 520 123
56 65535 57343
61 60 65535
62 5124 5132
70 600 123
total 11
#inputFile=/home/pixeldaq/cyric/afterIrrad/src/registerdata/run00033_GR00006.txt
14 300 27
16 50 123
17 130 123
27 50 0
28 20 0
30 4 0
31 852 0
32 65535 0
33 65535 0
34 1 0
35 65535 0
36 1 0
37 64 0
38 16 0
41 1000 0
42 1000 0
43 520 0
44 16640 0
45 200 0
46 65535 0
47 65535 0
48 65535 0
49 65535 0
50 65535 0
51 65535 0
52 65535 0
53 65535 0
54 15 0
55 65535 0
56 65535 0
57 65535 0
58 65535 0
59 15 0
61 60 0
62 5124 0
64 1051 0
65 400 0
66 50 0
67 500 0
68 85 0
69 31 0
70 600 0
73 103 0
74 240 0
75 15 0
total 45
#inputFile=/home/pixeldaq/cyric/afterIrrad/src/registerdata/run00033_GR00007.txt
5 100 0
6 150 0
7 100 0
8 40 0
9 300 0
10 100 0
11 400 0
12 300 0
13 450 0
14 300 0
15 20 0
16 50 0
17 130 0
18 110 0
19 300 0
20 400 0
21 500 0
22 500 0
23 400 0
24 1000 0
25 50 0
26 250 0
27 50 0
28 20 0
30 4 0
31 852 0
32 65535 0
33 65535 0
34 1 0
35 65535 0
36 1 0
37 64 0
38 16 0
41 1000 0
42 1000 0
43 520 0
44 16640 0
45 200 0
46 65535 0
47 65535 0
48 65535 0
49 65535 0
50 65535 0
51 65535 0
52 65535 0
53 65535 0
54 15 0
55 65535 0
56 65535 0
57 65535 0
58 65535 0
59 15 0
61 60 0
62 5124 0
64 1051 0
65 400 0
66 50 0
67 500 0
68 85 0
69 31 0
70 600 0
73 103 0
74 240 0
75 15 0
total 64
#inputFile=/home/pixeldaq/cyric/afterIrrad/src/registerdata/run00033_GR00008.txt
5 100 0
6 150 0
7 100 0
8 40 0
9 300 0
10 100 0
11 400 0
12 300 0
13 450 0
14 300 0
15 20 0
16 50 0
17 130 0
18 110 0
19 300 0
20 400 0
21 500 0
22 500 0
23 400 0
24 1000 0
25 50 0
26 250 0
27 50 0
28 20 0
30 4 0
31 852 0
32 65535 0
33 65535 0
34 1 0
35 65535 0
36 1 0
37 64 0
38 16 0
41 1000 0
42 1000 0
43 520 0
44 16640 0
45 200 0
46 65535 0
47 65535 0
48 65535 0
49 65535 0
50 65535 0
51 65535 0
52 65535 0
53 65535 0
54 15 0
55 65535 0
56 65535 0
57 65535 0
58 65535 0
59 15 0
61 60 0
62 5124 0
64 1051 0
65 400 0
66 50 0
67 500 0
68 85 0
69 31 0
70 600 0
73 103 0
74 240 0
75 15 0
total 64
